92 1
100 1
76 1
65 1
28 0
96 1
75 1
22 0
5 0
14 0
24 0
23 0
88 1
60 1
8 0
27 0
29 0
23 0
80 1
4 0
88 1
56 1
4 0
96 1
58 1
47 0
36 0
72 1
71 1
100 1
27 0
94 1
63 1
38 0
31 0
55 1
77 1
62 1
49 0
30 0
1 0
83 1
99 1
23 0
81 1
8 0
70 1
45 0
48 0
44 0
60 1
63 1
98 1
2 0
67 1
72 1
25 0
28 0
93 1
55 1
42 0
83 1
40 0
5 0
30 0
49 0
57 1
18 0
38 0
43 0
36 0
1 0
74 1
34 0
12 0
101 1
26 0
38 0
40 0
23 0
19 0
33 0
48 0
5 0
85 1
67 1
73 1
87 1
72 1
31 0
42 0
52 1
18 0
16 0
83 1
51 1
94 1
15 0
29 0
70 1
37 0
40 0
7 0
54 1
90 1
67 1
21 0
41 0
93 1
87 1
46 0
77 1
50 0
79 1
91 1
29 0
54 1
3 0
50 0
67 1
78 1
55 1
19 0
71 1
7 0
9 0
13 0
99 1
70 1
100 1
81 1
26 0
83 1
15 0
7 0
8 0
87 1
5 0
13 0
48 0
2 0
13 0
99 1
42 0
93 1
13 0
58 1
26 0
43 0
18 0
35 0
13 0
91 1
26 0
17 0
17 0
6 0
8 0
96 1
50 0
3 0
45 0
8 0
1 0
15 0
55 1
50 0
6 0
10 0
39 0
98 1
72 1
56 1
58 1
13 0
12 0
88 1
95 1
63 1
1 0
36 0
49 0
74 1
100 1
24 0
92 1
36 0
72 1
91 1
101 1
17 0
39 0
33 0
54 1
67 1
70 1
60 1
59 1
33 0
86 1
67 1
101 1
61 1
95 1
6 0
37 0
29 0
68 1
28 0
99 1
21 0
47 0
93 1
33 0
63 1
29 0
83 1
99 1
31 0
23 0
97 1
27 0
84 1
45 0
60 1
85 1
10 0
26 0
24 0
27 0
94 1
62 1
72 1
20 0
72 1
63 1
8 0
89 1
91 1
14 0
43 0
35 0
101 1
13 0
3 0
95 1
14 0
9 0
81 1
85 1
12 0
73 1
99 1
33 0
89 1
8 0
94 1
67 1
38 0
27 0
72 1
53 1
47 0
62 1
33 0
54 1
66 1
37 0
37 0
84 1
35 0
63 1
18 0
32 0
67 1
31 0
48 0
51 1
17 0
90 1
75 1
73 1
52 1
72 1
28 0
50 0
4 0
61 1
35 0
46 0
2 0
38 0
2 0
57 1
6 0
35 0
95 1
56 1
56 1
85 1
16 0
83 1
23 0
68 1
90 1
4 0
96 1
81 1
93 1
72 1
95 1
28 0
31 0
54 1
45 0
57 1
15 0
19 0
36 0
83 1
96 1
99 1
15 0
24 0
83 1
62 1
32 0
48 0
65 1
39 0
53 1
8 0
67 1
44 0
24 0
7 0
68 1
68 1
54 1
31 0
55 1
96 1
59 1
18 0
2 0
99 1
57 1
47 0
75 1
61 1
31 0
66 1
16 0
11 0
55 1
2 0
6 0
29 0
15 0
16 0
23 0
71 1
16 0
96 1
76 1
40 0
79 1
62 1
7 0
27 0
83 1
74 1
78 1
31 0
75 1
22 0
35 0
45 0
27 0
90 1
95 1
65 1
80 1
32 0
47 0
41 0
36 0
47 0
67 1
83 1
6 0
52 1
65 1
13 0
44 0
93 1
48 0
60 1
71 1
17 0
4 0
35 0
70 1
30 0
61 1
36 0
13 0
35 0
76 1
45 0
4 0
58 1
70 1
78 1
94 1
4 0
44 0
39 0
12 0
27 0
22 0
91 1
80 1
78 1
73 1
73 1
5 0
82 1
82 1
93 1
45 0
91 1
88 1
9 0
19 0
81 1
23 0
41 0
37 0
66 1
6 0
48 0
27 0
33 0
30 0
69 1
1 0
65 1
70 1
17 0
98 1
79 1
83 1
18 0
42 0
40 0
64 1
79 1
94 1
46 0
55 1
40 0
3 0
12 0
62 1
73 1
32 0
95 1
56 1
38 0
34 0
74 1
59 1
10 0
87 1
18 0
13 0
24 0
87 1
82 1
20 0
74 1
54 1
13 0
66 1
55 1
20 0
93 1
78 1
31 0
72 1
49 0
67 1
82 1
69 1
58 1
71 1
52 1
26 0
9 0
69 1
5 0
1 0
70 1
95 1
70 1
63 1
19 0
58 1
24 0
98 1
7 0
94 1
34 0
96 1
18 0
30 0
8 0
67 1
99 1
26 0
16 0
23 0
29 0
83 1
40 0
16 0
37 0
22 0
5 0
52 1
14 0
97 1
22 0
86 1
72 1
51 1
22 0
23 0
49 0
36 0
26 0
1 0
61 1
14 0
101 1
13 0
35 0
26 0
67 1
25 0
83 1
26 0
24 0
43 0
74 1
42 0
23 0
76 1
65 1
30 0
70 1
23 0
89 1
57 1
97 1
51 1
3 0
14 0
101 1
5 0
4 0
22 0
9 0
36 0
67 1
66 1
18 0
2 0
78 1
7 0
74 1
59 1
19 0
83 1
100 1
85 1
5 0
35 0
65 1
41 0
5 0
45 0
7 0
87 1
57 1
17 0
93 1
78 1
45 0
25 0
57 1
10 0
3 0
72 1
22 0
79 1
56 1
21 0
43 0
4 0
98 1
8 0
95 1
24 0
4 0
20 0
41 0
10 0
56 1
54 1
8 0
100 1
68 1
88 1
27 0
37 0
74 1
49 0
14 0
65 1
29 0
77 1
29 0
87 1
69 1
6 0
76 1
55 1
83 1
64 1
54 1
9 0
42 0
30 0
77 1
87 1
36 0
42 0
34 0
67 1
52 1
94 1
57 1
79 1
84 1
38 0
37 0
36 0
100 1
99 1
73 1
8 0
31 0
29 0
12 0
73 1
91 1
20 0
6 0
89 1
33 0
22 0
59 1
86 1
28 0
41 0
96 1
93 1
65 1
9 0
70 1
63 1
12 0
101 1
36 0
10 0
99 1
80 1
81 1
61 1
95 1
11 0
33 0
70 1
7 0
74 1
22 0
92 1
23 0
45 0
60 1
84 1
34 0
63 1
98 1
93 1
87 1
41 0
98 1
74 1
64 1
44 0
4 0
26 0
86 1
89 1
3 0
28 0
55 1
74 1
91 1
54 1
83 1
47 0
8 0
37 0
68 1
78 1
70 1
32 0
49 0
71 1
36 0
32 0
95 1
80 1
22 0
3 0
32 0
27 0
66 1
42 0
44 0
66 1
20 0
91 1
82 1
99 1
50 0
62 1
28 0
92 1
75 1
78 1
4 0
34 0
1 0
63 1
80 1
48 0
100 1
31 0
91 1
66 1
45 0
27 0
58 1
26 0
31 0
93 1
83 1
81 1
89 1
74 1
92 1
41 0
60 1
61 1
39 0
60 1
65 1
72 1
84 1
74 1
87 1
27 0
94 1
56 1
101 1
39 0
78 1
30 0
34 0
85 1
4 0
72 1
7 0
100 1
31 0
4 0
51 1
43 0
16 0
21 0
69 1
71 1
61 1
66 1
13 0
2 0
1 0
21 0
94 1
65 1
40 0
14 0
63 1
51 1
40 0
73 1
36 0
33 0
13 0
78 1
24 0
84 1
91 1
82 1
78 1
72 1
70 1
80 1
101 1
44 0
22 0
101 1
97 1
38 0
54 1
18 0
62 1
70 1
76 1
53 1
76 1
53 1
32 0
50 0
4 0
95 1
71 1
30 0
5 0
89 1
18 0
22 0
80 1
7 0
78 1
32 0
101 1
91 1
42 0
66 1
82 1
88 1
75 1
46 0
63 1
82 1
73 1
38 0
10 0
2 0
53 1
36 0
6 0
30 0
1 0
30 0
37 0
59 1
37 0
17 0
57 1
83 1
86 1
88 1
61 1
66 1
50 0
82 1
48 0
92 1
27 0
40 0
100 1
9 0
75 1
57 1
59 1
43 0
95 1
2 0
40 0
100 1
40 0
24 0
24 0
63 1
31 0
23 0
35 0
1 0
39 0
34 0
101 1
59 1
98 1
72 1
72 1
64 1
20 0
46 0
80 1
23 0
46 0
7 0
12 0
77 1
81 1
64 1
24 0
100 1
89 1
37 0
29 0
20 0
93 1
76 1
26 0
78 1
21 0
27 0
99 1
39 0
19 0
13 0
61 1
53 1
6 0
17 0
69 1
81 1
9 0
64 1
82 1
65 1
18 0
47 0
50 0
51 1
12 0
50 0
34 0
89 1
48 0
7 0
82 1
90 1
76 1
6 0
96 1
6 0
63 1
88 1
60 1
89 1
91 1
69 1
53 1
93 1
38 0
94 1
40 0
83 1
76 1
70 1
71 1
25 0
9 0
24 0
42 0
18 0
33 0
48 0
34 0
46 0
59 1
